[(numpy.datetime64('2023-01-01T10:02:36.323575936'), array([[1.15849724e-06, 1.15849724e-06, 1.15849724e-06, ...,
        1.15849724e-06, 1.15849724e-06, 1.15849724e-06],
       [1.15596507e-06, 1.15596507e-06, 1.15596507e-06, ...,
        1.15596507e-06, 1.15596507e-06, 1.15596507e-06],
       [1.15343276e-06, 1.15343276e-06, 1.15343276e-06, ...,
        1.15343276e-06, 1.15343276e-06, 1.15343276e-06],
       ...,
       [4.06423529e-07, 4.06423529e-07, 4.06423529e-07, ...,
        4.06423529e-07, 4.06423529e-07, 4.06423529e-07],
       [4.03891292e-07, 4.03891292e-07, 4.03891292e-07, ...,
        4.03891292e-07, 4.03891292e-07, 4.03891292e-07],
       [4.01359122e-07, 4.01359122e-07, 4.01359122e-07, ...,
        4.01359122e-07, 4.01359122e-07, 4.01359122e-07]]), array([[-75.00000063, -75.00000063, -75.00000062, ..., -74.99999938,
        -74.99999937, -74.99999937],
       [-75.00000063, -75.00000063, -75.00000062, ..., -74.99999938,
        -74.99999937, -74.99999937],
       [-75.00000063, -75.00000063, -75.00000062, ..., -74.99999938,
        -74.99999937, -74.99999937],
       ...,
       [-75.00000063, -75.00000063, -75.00000062, ..., -74.99999938,
        -74.99999937, -74.99999937],
       [-75.00000063, -75.00000063, -75.00000062, ..., -74.99999938,
        -74.99999937, -74.99999937],
       [-75.00000063, -75.00000063, -75.00000062, ..., -74.99999938,
        -74.99999937, -74.99999937]]), array([[       nan,        nan,        nan, ...,  4.414776 ,  4.4101977,
         4.4010415],
       [       nan,        nan,        nan, ...,  4.1782427,  4.3094807,
         4.3979897],
       [       nan,        nan,        nan, ...,  4.120254 ,  4.0821037,
         4.219445 ],
       ...,
       [24.721523 , 24.878704 , 25.06793  , ...,        nan,        nan,
               nan],
       [25.016047 , 25.243423 , 25.489113 , ...,        nan,        nan,
               nan],
       [25.44791  , 25.907242 , 26.258226 , ...,        nan,        nan,
               nan]], dtype=float32)), (numpy.datetime64('2023-01-01T14:02:36.352995968'), array([[1.15849724e-06, 1.15849724e-06, 1.15849724e-06, ...,
        1.15849724e-06, 1.15849724e-06, 1.15849724e-06],
       [1.15596507e-06, 1.15596507e-06, 1.15596507e-06, ...,
        1.15596507e-06, 1.15596507e-06, 1.15596507e-06],
       [1.15343276e-06, 1.15343276e-06, 1.15343276e-06, ...,
        1.15343276e-06, 1.15343276e-06, 1.15343276e-06],
       ...,
       [4.06423529e-07, 4.06423529e-07, 4.06423529e-07, ...,
        4.06423529e-07, 4.06423529e-07, 4.06423529e-07],
       [4.03891292e-07, 4.03891292e-07, 4.03891292e-07, ...,
        4.03891292e-07, 4.03891292e-07, 4.03891292e-07],
       [4.01359122e-07, 4.01359122e-07, 4.01359122e-07, ...,
        4.01359122e-07, 4.01359122e-07, 4.01359122e-07]]), array([[-75.00000063, -75.00000063, -75.00000062, ..., -74.99999938,
        -74.99999937, -74.99999937],
       [-75.00000063, -75.00000063, -75.00000062, ..., -74.99999938,
        -74.99999937, -74.99999937],
       [-75.00000063, -75.00000063, -75.00000062, ..., -74.99999938,
        -74.99999937, -74.99999937],
       ...,
       [-75.00000063, -75.00000063, -75.00000062, ..., -74.99999938,
        -74.99999937, -74.99999937],
       [-75.00000063, -75.00000063, -75.00000062, ..., -74.99999938,
        -74.99999937, -74.99999937],
       [-75.00000063, -75.00000063, -75.00000062, ..., -74.99999938,
        -74.99999937, -74.99999937]]), array([[       nan,        nan,        nan, ...,  5.045022 ,  4.8573217,
         4.6925116],
       [       nan,        nan,        nan, ...,  5.040444 ,  5.0129757,
         4.9763513],
       [       nan,        nan,        nan, ...,  4.9641433,  4.871056 ,
         4.9183626],
       ...,
       [28.237474 , 28.396181 ,        nan, ...,        nan,        nan,
               nan],
       [28.651026 , 28.721222 , 28.832623 , ...,        nan,        nan,
               nan],
       [       nan, 29.090519 , 28.969963 , ...,        nan,        nan,
               nan]], dtype=float32)), (numpy.datetime64('2023-01-01T13:02:36.344519040'), array([[1.15849724e-06, 1.15849724e-06, 1.15849724e-06, ...,
        1.15849724e-06, 1.15849724e-06, 1.15849724e-06],
       [1.15596507e-06, 1.15596507e-06, 1.15596507e-06, ...,
        1.15596507e-06, 1.15596507e-06, 1.15596507e-06],
       [1.15343276e-06, 1.15343276e-06, 1.15343276e-06, ...,
        1.15343276e-06, 1.15343276e-06, 1.15343276e-06],
       ...,
       [4.06423529e-07, 4.06423529e-07, 4.06423529e-07, ...,
        4.06423529e-07, 4.06423529e-07, 4.06423529e-07],
       [4.03891292e-07, 4.03891292e-07, 4.03891292e-07, ...,
        4.03891292e-07, 4.03891292e-07, 4.03891292e-07],
       [4.01359122e-07, 4.01359122e-07, 4.01359122e-07, ...,
        4.01359122e-07, 4.01359122e-07, 4.01359122e-07]]), array([[-75.00000063, -75.00000063, -75.00000062, ..., -74.99999938,
        -74.99999937, -74.99999937],
       [-75.00000063, -75.00000063, -75.00000062, ..., -74.99999938,
        -74.99999937, -74.99999937],
       [-75.00000063, -75.00000063, -75.00000062, ..., -74.99999938,
        -74.99999937, -74.99999937],
       ...,
       [-75.00000063, -75.00000063, -75.00000062, ..., -74.99999938,
        -74.99999937, -74.99999937],
       [-75.00000063, -75.00000063, -75.00000062, ..., -74.99999938,
        -74.99999937, -74.99999937],
       [-75.00000063, -75.00000063, -75.00000062, ..., -74.99999938,
        -74.99999937, -74.99999937]]), array([[       nan,        nan,        nan, ...,  4.8268013,  4.819171 ,
         4.7260838],
       [       nan,        nan,        nan, ...,  4.8634257,  4.773391 ,
               nan],
       [       nan,        nan,        nan, ...,  4.7810206,  4.6803036,
         4.6772513],
       ...,
       [27.831553 , 27.898697 , 27.944479 , ...,        nan,        nan,
               nan],
       [28.103184 , 28.338192 , 28.289358 , ...,        nan,        nan,
               nan],
       [28.393127 ,        nan,        nan, ...,        nan,        nan,
               nan]], dtype=float32)), (numpy.datetime64('2023-01-01T19:02:36.399315968'), array([[1.15849724e-06, 1.15849724e-06, 1.15849724e-06, ...,
        1.15849724e-06, 1.15849724e-06, 1.15849724e-06],
       [1.15596507e-06, 1.15596507e-06, 1.15596507e-06, ...,
        1.15596507e-06, 1.15596507e-06, 1.15596507e-06],
       [1.15343276e-06, 1.15343276e-06, 1.15343276e-06, ...,
        1.15343276e-06, 1.15343276e-06, 1.15343276e-06],
       ...,
       [4.06423529e-07, 4.06423529e-07, 4.06423529e-07, ...,
        4.06423529e-07, 4.06423529e-07, 4.06423529e-07],
       [4.03891292e-07, 4.03891292e-07, 4.03891292e-07, ...,
        4.03891292e-07, 4.03891292e-07, 4.03891292e-07],
       [4.01359122e-07, 4.01359122e-07, 4.01359122e-07, ...,
        4.01359122e-07, 4.01359122e-07, 4.01359122e-07]]), array([[-75.00000063, -75.00000063, -75.00000062, ..., -74.99999938,
        -74.99999937, -74.99999937],
       [-75.00000063, -75.00000063, -75.00000062, ..., -74.99999938,
        -74.99999937, -74.99999937],
       [-75.00000063, -75.00000063, -75.00000062, ..., -74.99999938,
        -74.99999937, -74.99999937],
       ...,
       [-75.00000063, -75.00000063, -75.00000062, ..., -74.99999938,
        -74.99999937, -74.99999937],
       [-75.00000063, -75.00000063, -75.00000062, ..., -74.99999938,
        -74.99999937, -74.99999937],
       [-75.00000063, -75.00000063, -75.00000062, ..., -74.99999938,
        -74.99999937, -74.99999937]]), array([[       nan,        nan,        nan, ...,        nan,        nan,
         5.553187 ],
       [       nan,        nan,        nan, ...,        nan,        nan,
               nan],
       [       nan,        nan,        nan, ...,  5.3563304,  5.2739253,
               nan],
       ...,
       [25.579147 , 25.61272  , 25.6585   , ...,        nan, 43.13601  ,
        43.419846 ],
       [25.748535 , 25.788212 , 25.692072 , ...,        nan,        nan,
               nan],
       [25.902664 , 25.9576   , 25.92708  , ...,        nan,        nan,
               nan]], dtype=float32)), (numpy.datetime64('2023-01-01T18:02:36.386758016'), array([[1.15849724e-06, 1.15849724e-06, 1.15849724e-06, ...,
        1.15849724e-06, 1.15849724e-06, 1.15849724e-06],
       [1.15596507e-06, 1.15596507e-06, 1.15596507e-06, ...,
        1.15596507e-06, 1.15596507e-06, 1.15596507e-06],
       [1.15343276e-06, 1.15343276e-06, 1.15343276e-06, ...,
        1.15343276e-06, 1.15343276e-06, 1.15343276e-06],
       ...,
       [4.06423529e-07, 4.06423529e-07, 4.06423529e-07, ...,
        4.06423529e-07, 4.06423529e-07, 4.06423529e-07],
       [4.03891292e-07, 4.03891292e-07, 4.03891292e-07, ...,
        4.03891292e-07, 4.03891292e-07, 4.03891292e-07],
       [4.01359122e-07, 4.01359122e-07, 4.01359122e-07, ...,
        4.01359122e-07, 4.01359122e-07, 4.01359122e-07]]), array([[-75.00000063, -75.00000063, -75.00000062, ..., -74.99999938,
        -74.99999937, -74.99999937],
       [-75.00000063, -75.00000063, -75.00000062, ..., -74.99999938,
        -74.99999937, -74.99999937],
       [-75.00000063, -75.00000063, -75.00000062, ..., -74.99999938,
        -74.99999937, -74.99999937],
       ...,
       [-75.00000063, -75.00000063, -75.00000062, ..., -74.99999938,
        -74.99999937, -74.99999937],
       [-75.00000063, -75.00000063, -75.00000062, ..., -74.99999938,
        -74.99999937, -74.99999937],
       [-75.00000063, -75.00000063, -75.00000062, ..., -74.99999938,
        -74.99999937, -74.99999937]]), array([[       nan,        nan,        nan, ...,        nan,  5.399059 ,
         5.344122 ],
       [       nan,        nan,        nan, ...,  5.2403526,  5.2022023,
         5.2067804],
       [       nan,        nan,        nan, ...,        nan,        nan,
               nan],
       ...,
       [25.62035  , 25.583725 , 25.676813 , ..., 43.168053 , 43.338966 ,
               nan],
       [25.920977 , 25.824837 , 25.954548 , ...,        nan, 43.928013 ,
        43.81814  ],
       [26.320793 , 26.12699  , 26.078156 , ...,        nan, 44.23169  ,
        43.928013 ]], dtype=float32)), (numpy.datetime64('2023-01-01T17:02:36.376701056'), array([[1.15849724e-06, 1.15849724e-06, 1.15849724e-06, ...,
        1.15849724e-06, 1.15849724e-06, 1.15849724e-06],
       [1.15596507e-06, 1.15596507e-06, 1.15596507e-06, ...,
        1.15596507e-06, 1.15596507e-06, 1.15596507e-06],
       [1.15343276e-06, 1.15343276e-06, 1.15343276e-06, ...,
        1.15343276e-06, 1.15343276e-06, 1.15343276e-06],
       ...,
       [4.06423529e-07, 4.06423529e-07, 4.06423529e-07, ...,
        4.06423529e-07, 4.06423529e-07, 4.06423529e-07],
       [4.03891292e-07, 4.03891292e-07, 4.03891292e-07, ...,
        4.03891292e-07, 4.03891292e-07, 4.03891292e-07],
       [4.01359122e-07, 4.01359122e-07, 4.01359122e-07, ...,
        4.01359122e-07, 4.01359122e-07, 4.01359122e-07]]), array([[-75.00000063, -75.00000063, -75.00000062, ..., -74.99999938,
        -74.99999937, -74.99999937],
       [-75.00000063, -75.00000063, -75.00000062, ..., -74.99999938,
        -74.99999937, -74.99999937],
       [-75.00000063, -75.00000063, -75.00000062, ..., -74.99999938,
        -74.99999937, -74.99999937],
       ...,
       [-75.00000063, -75.00000063, -75.00000062, ..., -74.99999938,
        -74.99999937, -74.99999937],
       [-75.00000063, -75.00000063, -75.00000062, ..., -74.99999938,
        -74.99999937, -74.99999937],
       [-75.00000063, -75.00000063, -75.00000062, ..., -74.99999938,
        -74.99999937, -74.99999937]]), array([[       nan,        nan,        nan, ...,  5.269347 ,  5.2418785,
         5.161    ],
       [       nan,        nan,        nan, ...,        nan,  5.0770683,
         5.0785947],
       [       nan,        nan,        nan, ...,        nan,        nan,
         4.9214144],
       ...,
       [       nan,        nan, 26.067474 , ...,        nan,        nan,
               nan],
       [26.407776 , 26.32537  , 26.273487 , ..., 43.59992  , 43.99668  ,
        43.920383 ],
       [26.67483  , 26.577164 , 26.481026 , ..., 43.383224 , 43.271824 ,
        43.703686 ]], dtype=float32)), (numpy.datetime64('2023-01-01T16:02:36.368294016'), array([[1.15849724e-06, 1.15849724e-06, 1.15849724e-06, ...,
        1.15849724e-06, 1.15849724e-06, 1.15849724e-06],
       [1.15596507e-06, 1.15596507e-06, 1.15596507e-06, ...,
        1.15596507e-06, 1.15596507e-06, 1.15596507e-06],
       [1.15343276e-06, 1.15343276e-06, 1.15343276e-06, ...,
        1.15343276e-06, 1.15343276e-06, 1.15343276e-06],
       ...,
       [4.06423529e-07, 4.06423529e-07, 4.06423529e-07, ...,
        4.06423529e-07, 4.06423529e-07, 4.06423529e-07],
       [4.03891292e-07, 4.03891292e-07, 4.03891292e-07, ...,
        4.03891292e-07, 4.03891292e-07, 4.03891292e-07],
       [4.01359122e-07, 4.01359122e-07, 4.01359122e-07, ...,
        4.01359122e-07, 4.01359122e-07, 4.01359122e-07]]), array([[-75.00000063, -75.00000063, -75.00000062, ..., -74.99999938,
        -74.99999937, -74.99999937],
       [-75.00000063, -75.00000063, -75.00000062, ..., -74.99999938,
        -74.99999937, -74.99999937],
       [-75.00000063, -75.00000063, -75.00000062, ..., -74.99999938,
        -74.99999937, -74.99999937],
       ...,
       [-75.00000063, -75.00000063, -75.00000062, ..., -74.99999938,
        -74.99999937, -74.99999937],
       [-75.00000063, -75.00000063, -75.00000062, ..., -74.99999938,
        -74.99999937, -74.99999937],
       [-75.00000063, -75.00000063, -75.00000062, ..., -74.99999938,
        -74.99999937, -74.99999937]]), array([[       nan,        nan,        nan, ...,  5.1304793,  5.119797 ,
         5.0083976],
       [       nan,        nan,        nan, ...,  4.9473567,  4.950409 ,
         4.9473567],
       [       nan,        nan,        nan, ...,        nan,        nan,
         4.887842 ],
       ...,
       [26.590899 ,        nan,        nan, ..., 43.720474 ,        nan,
               nan],
       [26.801489 , 26.6672   , 26.830484 , ..., 43.201626 ,        nan,
               nan],
       [27.048704 , 27.022762 , 26.944935 , ...,        nan,        nan,
               nan]], dtype=float32)), (numpy.datetime64('2023-01-01T12:02:36.340754048'), array([[1.15849724e-06, 1.15849724e-06, 1.15849724e-06, ...,
        1.15849724e-06, 1.15849724e-06, 1.15849724e-06],
       [1.15596507e-06, 1.15596507e-06, 1.15596507e-06, ...,
        1.15596507e-06, 1.15596507e-06, 1.15596507e-06],
       [1.15343276e-06, 1.15343276e-06, 1.15343276e-06, ...,
        1.15343276e-06, 1.15343276e-06, 1.15343276e-06],
       ...,
       [4.06423529e-07, 4.06423529e-07, 4.06423529e-07, ...,
        4.06423529e-07, 4.06423529e-07, 4.06423529e-07],
       [4.03891292e-07, 4.03891292e-07, 4.03891292e-07, ...,
        4.03891292e-07, 4.03891292e-07, 4.03891292e-07],
       [4.01359122e-07, 4.01359122e-07, 4.01359122e-07, ...,
        4.01359122e-07, 4.01359122e-07, 4.01359122e-07]]), array([[-75.00000063, -75.00000063, -75.00000062, ..., -74.99999938,
        -74.99999937, -74.99999937],
       [-75.00000063, -75.00000063, -75.00000062, ..., -74.99999938,
        -74.99999937, -74.99999937],
       [-75.00000063, -75.00000063, -75.00000062, ..., -74.99999938,
        -74.99999937, -74.99999937],
       ...,
       [-75.00000063, -75.00000063, -75.00000062, ..., -74.99999938,
        -74.99999937, -74.99999937],
       [-75.00000063, -75.00000063, -75.00000062, ..., -74.99999938,
        -74.99999937, -74.99999937],
       [-75.00000063, -75.00000063, -75.00000062, ..., -74.99999938,
        -74.99999937, -74.99999937]]), array([[       nan,        nan,        nan, ...,  4.5338054,  4.4498744,
         4.3812037],
       [       nan,        nan,        nan, ...,  4.498707 ,  4.346105 ,
         4.3781514],
       [       nan,        nan,        nan, ...,  4.5978985,  4.3216887,
         4.2469134],
       ...,
       [27.213514 , 27.537031 , 27.552292 , ...,        nan,        nan,
               nan],
       [27.532454 , 27.678951 , 27.956686 , ...,        nan,        nan,
               nan],
       [27.921589 , 28.046722 , 28.379395 , ...,        nan,        nan,
               nan]], dtype=float32)), (numpy.datetime64('2023-01-01T11:02:36.329782912'), array([[1.15849724e-06, 1.15849724e-06, 1.15849724e-06, ...,
        1.15849724e-06, 1.15849724e-06, 1.15849724e-06],
       [1.15596507e-06, 1.15596507e-06, 1.15596507e-06, ...,
        1.15596507e-06, 1.15596507e-06, 1.15596507e-06],
       [1.15343276e-06, 1.15343276e-06, 1.15343276e-06, ...,
        1.15343276e-06, 1.15343276e-06, 1.15343276e-06],
       ...,
       [4.06423529e-07, 4.06423529e-07, 4.06423529e-07, ...,
        4.06423529e-07, 4.06423529e-07, 4.06423529e-07],
       [4.03891292e-07, 4.03891292e-07, 4.03891292e-07, ...,
        4.03891292e-07, 4.03891292e-07, 4.03891292e-07],
       [4.01359122e-07, 4.01359122e-07, 4.01359122e-07, ...,
        4.01359122e-07, 4.01359122e-07, 4.01359122e-07]]), array([[-75.00000063, -75.00000063, -75.00000062, ..., -74.99999938,
        -74.99999937, -74.99999937],
       [-75.00000063, -75.00000063, -75.00000062, ..., -74.99999938,
        -74.99999937, -74.99999937],
       [-75.00000063, -75.00000063, -75.00000062, ..., -74.99999938,
        -74.99999937, -74.99999937],
       ...,
       [-75.00000063, -75.00000063, -75.00000062, ..., -74.99999938,
        -74.99999937, -74.99999937],
       [-75.00000063, -75.00000063, -75.00000062, ..., -74.99999938,
        -74.99999937, -74.99999937],
       [-75.00000063, -75.00000063, -75.00000062, ..., -74.99999938,
        -74.99999937, -74.99999937]]), array([[       nan,        nan,        nan, ...,  4.4620824,  4.434614 ,
         4.3964634],
       [       nan,        nan,        nan, ...,  4.3110065,  4.3293185,
         4.3659434],
       [       nan,        nan,        nan, ...,  4.4544525,  4.266752 ,
         4.2408094],
       ...,
       [25.905716 , 26.192608 , 26.342157 , ...,        nan,        nan,
               nan],
       [26.168192 , 26.366573 , 26.717558 , ...,        nan,        nan,
               nan],
       [26.638205 , 26.9663   , 27.13874  , ...,        nan,        nan,
               nan]], dtype=float32)), (numpy.datetime64('2023-01-01T15:02:36.362092928'), array([[1.15849724e-06, 1.15849724e-06, 1.15849724e-06, ...,
        1.15849724e-06, 1.15849724e-06, 1.15849724e-06],
       [1.15596507e-06, 1.15596507e-06, 1.15596507e-06, ...,
        1.15596507e-06, 1.15596507e-06, 1.15596507e-06],
       [1.15343276e-06, 1.15343276e-06, 1.15343276e-06, ...,
        1.15343276e-06, 1.15343276e-06, 1.15343276e-06],
       ...,
       [4.06423529e-07, 4.06423529e-07, 4.06423529e-07, ...,
        4.06423529e-07, 4.06423529e-07, 4.06423529e-07],
       [4.03891292e-07, 4.03891292e-07, 4.03891292e-07, ...,
        4.03891292e-07, 4.03891292e-07, 4.03891292e-07],
       [4.01359122e-07, 4.01359122e-07, 4.01359122e-07, ...,
        4.01359122e-07, 4.01359122e-07, 4.01359122e-07]]), array([[-75.00000063, -75.00000063, -75.00000062, ..., -74.99999938,
        -74.99999937, -74.99999937],
       [-75.00000063, -75.00000063, -75.00000062, ..., -74.99999938,
        -74.99999937, -74.99999937],
       [-75.00000063, -75.00000063, -75.00000062, ..., -74.99999938,
        -74.99999937, -74.99999937],
       ...,
       [-75.00000063, -75.00000063, -75.00000062, ..., -74.99999938,
        -74.99999937, -74.99999937],
       [-75.00000063, -75.00000063, -75.00000062, ..., -74.99999938,
        -74.99999937, -74.99999937],
       [-75.00000063, -75.00000063, -75.00000062, ..., -74.99999938,
        -74.99999937, -74.99999937]]), array([[       nan,        nan,        nan, ...,  5.122849 ,  4.983981 ,
         4.895472 ],
       [       nan,        nan,        nan, ...,  5.2220407,  5.1030107,
         5.055704 ],
       [       nan,        nan,        nan, ...,  5.121323 ,  5.061808 ,
         5.0908027],
       ...,
       [29.066103 , 28.785315 , 28.716644 , ..., 43.479362 ,        nan,
               nan],
       [29.111883 , 29.029478 , 29.1363   , ..., 44.393448 ,        nan,
               nan],
       [29.401827 , 29.237017 , 29.206497 , ..., 43.470207 ,        nan,
               nan]], dtype=float32))]